41.666666666666664
59.333333333333336
54.0
55.0
44.0
41.0
52.666666666666664
62.666666666666664
64.0
53.0
41.0
55.666666666666664
62.666666666666664
70.33333333333333
62.0
82.66666666666667
66.66666666666667
47.0
43.0
66.66666666666667
55.0
76.33333333333333
73.66666666666667
72.66666666666667
79.33333333333333
67.66666666666667
78.0
55.0
83.66666666666667
76.0
73.33333333333333
58.666666666666664
56.0
58.333333333333336
63.0
48.666666666666664
53.666666666666664
66.33333333333333
94.0
61.333333333333336
47.333333333333336
55.333333333333336
86.0
60.0
61.0
57.333333333333336
68.33333333333333
63.0
73.66666666666667
58.666666666666664
79.0
43.666666666666664
54.333333333333336
69.0
63.666666666666664
42.333333333333336
68.66666666666667
70.66666666666667
68.33333333333333
63.333333333333336
42.0
62.333333333333336
71.33333333333333
78.66666666666667
70.66666666666667
64.0
60.333333333333336
65.33333333333333
39.333333333333336
75.66666666666667
52.666666666666664
47.333333333333336
45.666666666666664
50.0
76.0
74.0
59.0
62.333333333333336
65.66666666666667
80.33333333333333
59.0
56.666666666666664
83.33333333333333
75.66666666666667
54.333333333333336
73.33333333333333
64.33333333333333
64.66666666666667
57.666666666666664
56.0
44.666666666666664
55.666666666666664
45.333333333333336
56.666666666666664
68.33333333333333
66.0
58.333333333333336
39.0
45.666666666666664
71.0
62.0
54.0
35.666666666666664
77.66666666666667
68.0
58.333333333333336
64.0
68.0
65.66666666666667
51.0
52.0
31.666666666666668
44.333333333333336
45.666666666666664
40.333333333333336
63.666666666666664
45.333333333333336
80.66666666666667
62.0
57.666666666666664
61.0
80.33333333333333
84.0
53.333333333333336
57.0
59.0
51.666666666666664
45.666666666666664
66.66666666666667
69.66666666666667
58.666666666666664
67.0
82.0
69.33333333333333
52.333333333333336
72.33333333333333
56.0
68.33333333333333
68.0
73.0
74.66666666666667
67.33333333333333
70.66666666666667
47.0
73.66666666666667
59.333333333333336
67.0
70.33333333333333
41.0
45.666666666666664
54.666666666666664
62.0
59.0
63.333333333333336
57.666666666666664
57.0
42.666666666666664
62.666666666666664
51.333333333333336
49.333333333333336
71.0
60.333333333333336
33.0
76.33333333333333
63.0
57.666666666666664
77.66666666666667
49.333333333333336
67.33333333333333
59.666666666666664
72.0
48.333333333333336
69.0
86.33333333333333
55.333333333333336
85.66666666666667
64.0
74.33333333333333
59.666666666666664
43.0
67.33333333333333
79.33333333333333
59.666666666666664
58.333333333333336
74.66666666666667
69.0
62.666666666666664
65.0
50.0
53.0
36.333333333333336
55.0
50.666666666666664
61.0
49.333333333333336
60.90769230769231 61.8 60.85128205128205 